? 8 18 5 1
100000000104414411
010000001443030022
001000004040140314
000100003024421122
000010004003332400
000001003332312323
000000100320201111
000000014330132321


? 10 15 5 1
100000000002441
010000000044314
001000000002130
000100000040233
000010000022232
000001000021422
000000100041021
000000010014301
000000001000034
000000000112033

? 8 15 5 1
100000000232410
010000002022333
001000002223220
000100002442411
000010000343144
000001003024000
000000100324044
000000011413130

? 7 15 5 1
100000042011432
010000011400023
001000044340302
000100010100313
000010033422230
000001023034201
000000102002223

? 7 15 5 1
100000042011432
010000011400023
001000044340302
000100010100313
000010033422230
000001023034201
000000102002223

? 6 16 5 1
1000002140123421
0100003441240302
0010001342141410
0001003014004431
0000100033330121
0000010030224123 

? 6 16 5 1
1000004122033104
0100002420141112
0010000313330400
0001000020131412
0000102423212114
0000011412123243

? 7 16 5 1
1000000412102223
0100000333110303
0010000223324031
0001000012424112
0000100343134201
0000010240443420
0000001031330123

? 7 17 5 1
10000004304303014
01000001012103311
00100001424111401
00010002302023430
00001003402122432
00000103114111042
00000014341243110


? 7 15 5 1
100000042011432
010000011400023
001000044340302
000100010100313
000010033422230
000001023034201
000000102002223

? 8 15 5 1
100000000232410
010000002022333
001000002223220
000100002442411
000010000343144
000001003024000
000000100324044
000000011413130


? 10 15 5 1
100000000002441
010000000044314
001000000002130
000100000040233
000010000022232
000001000021422
000000100041021
000000010014301
000000001000034
000000000112033


? 7 15 5 1
100000042011432
010000011400023
001000044340302
000100010100313
000010033422230
000001023034201
000000102002223


? 8 18 5 1
100000000104414411
010000001443030022
001000004040140314
000100003024421122
000010004003332400
000001003332312323
000000100320201111
000000014330132321


? 7 15 5 1
100000042011432
010000011400023
001000044340302
000100010100313
000010033422230
000001023034201
000000102002223

? 5 16 2 2
1000011111100001
0100010110011101
0010001101011011
0001011000110111
0000100011101111
