? 16 38 3 1
10000000000000000202212210222111002200
01000000000000010112210111220220211202
00100000000000020101112020022200202001
00010000000000020212122002121211002102
00001000000000000200200122211022202020
00000100000000000100220000011002122022
00000010000000010011022120212120221102
00000001000000000120000100101101211020
00000000100000020022110122001221111211
00000000010000000202102002011100101211
00000000001000020212101201200021022022
00000000000100000011221111211111002000
00000000000010000222202101001211112221
00000000000001000010111100021210111122
00000000000000110012120110120201202001
00000000000000001212000220212202021121

