? 12 26 5 4
10000000000042001421300401
01000000000043430310030323
00100000000020342244112322
00010000000002331133412033
00001000000031131121432043
00000100000013432212334414
00000010000034342103243144
00000001000001143344140131
00000000100003300230300344
00000000010010323034111304
00000000001030442041110201
00000000000101423300111341


? 16 38 3 1
10000000000000000202212210222111002200
01000000000000010112210111220220211202
00100000000000020101112020022200202001
00010000000000020212122002121211002102
00001000000000000200200122211022202020
00000100000000000100220000011002122022
00000010000000010011022120212120221102
00000001000000000120000100101101211020
00000000100000020022110122001221111211
00000000010000000202102002011100101211
00000000001000020212101201200021022022
00000000000100000011221111211111002000
00000000000010000222202101001211112221
00000000000001000010111100021210111122
00000000000000110012120110120201202001
00000000000000001212000220212202021121


? 17 38 3 2
10000000000000020000120121211012202012
01000000000000020100210011010122122211
00100000000000000002120121111111220002
00010000000000010102110021212210010100
00001000000000000200102000011022010012
00000100000000000002111110110210112210
00000010000000010100002120001211021012
00000001000000010000202002210112121220
00000000100000010201112202012121202000
00000000010000010202011111100201012021
00000000001000000002110102012110210122
00000000000100000100212112202220112212
00000000000010020000210220000112211210
00000000000001020202120112020021001200
00000000000000100002020220222011020212
00000000000000001000211022112011021101
00000000000000000012110001020120120110

? 16 38 3 1
10000000000000000202212210222111002200
01000000000000010112210111220220211202
00100000000000020101112020022200202001
00010000000000020212122002121211002102
00001000000000000200200122211022202020
00000100000000000100220000011002122022
00000010000000010011022120212120221102
00000001000000000120000100101101211020
00000000100000020022110122001221111211
00000000010000000202102002011100101211
00000000001000020212101201200021022022
00000000000100000011221111211111002000
00000000000010000222202101001211112221
00000000000001000010111100021210111122
00000000000000110012120110120201202001
00000000000000001212000220212202021121


? 10 30 3 0
100000000022201201020211102120
010000000011111012211220201220
001000000002221212102201120121
000100000002022010221001011020
000010000001200200101100010101
000001000012101210221201210200
000000100012222110100022212021
000000010001012001012001202200
000000001001122222002121110002
000000000101212201120122002100


? 16 38 3 1
10000000000000000202212210222111002200
01000000000000010112210111220220211202
00100000000000020101112020022200202001
00010000000000020212122002121211002102
00001000000000000200200122211022202020
00000100000000000100220000011002122022
00000010000000010011022120212120221102
00000001000000000120000100101101211020
00000000100000020022110122001221111211
00000000010000000202102002011100101211
00000000001000020212101201200021022022
00000000000100000011221111211111002000
00000000000010000222202101001211112221
00000000000001000010111100021210111122
00000000000000110012120110120201202001
00000000000000001212000220212202021121

? 17 38 3 2
10000000000000020000120121211012202012
01000000000000020100210011010122122211
00100000000000000002120121111111220002
00010000000000010102110021212210010100
00001000000000000200102000011022010012
00000100000000000002111110110210112210
00000010000000010100002120001211021012
00000001000000010000202002210112121220
00000000100000010201112202012121202000
00000000010000010202011111100201012021
00000000001000000002110102012110210122
00000000000100000100212112202220112212
00000000000010020000210220000112211210
00000000000001020202120112020021001200
00000000000000100002020220222011020212
00000000000000001000211022112011021101
00000000000000000012110001020120120110

? 11 26 5 3
10000000000430213101200330
01000000000242420143433032
00100000000113330031440141
00010000000204334113444112
00001000000042111323013103
00000100000100421411021412
00000010000241311411231321
00000001000142203412231334
00000000100412423440011431
00000000010342112034420131
00000000001144103203334300

? 12 26 5 4
10000000000042001421300401
01000000000043430310030323
00100000000020342244112322
00010000000002331133412033
00001000000031131121432043
00000100000013432212334414
00000010000034342103243144
00000001000001143344140131
00000000100003300230300344
00000000010010323034111304
00000000001030442041110201
00000000000101423300111341

? 9 36 7 5
100000000444301651520610544605422052
010000000456243660501002342133324500
001000000234313455265021142654153232
000100000065406230615026010115360563
000010000004126200564625355223113231
000001000643025442244251015141226121
000000100160310166215231320135666210
000000010350013662111001425665500652
000000001635331124600226513645310122

? 10 36 7 6
100000000011161643243112413213415266
010000000001262320532225164646363564
001000000033465655313301102133655356
000100000044446333222562343451313060
000010000006201505022613160204555052
000001000014616436463131522400615336
000000100041044014606135423544214450
000000010044662045640004504330646414
000000001053126310466226016614113533
000000000100665043524201213256465352
